1101

1102

1103

1104

1105

1106

1107

1108

1109

1110

1111

1112

1114

1115

1116

1201

1202

1203

1204

1205

1206

1207

1208

1209

1210

1211

1212

1214

1215

1216

1301

1302

1303

1304

1305

1306

1307

1308

1309

1310

1311

1312

1314

1315

1316

1317

1318

1319

1320

1321

1322

2201

2202

2203

2204

2205

2206

2207

2208

2301

2302

2303

2304

2305

2306

2307

2308

2309

2310

2311

2401

2402

2403

2404

2405

2406

2407

2408

2409

2410

2411

2412

2414

2501

2502

2503

2504

2505

2506

2507

2508

2509

2510

2511

2512

2514

2515

2516

2601

2602

2603

2604

2605

2606

2607

2608

2609

2610

2611

2612

2614

2615

2616

2617

2701

2702

2703

2704

2705

2706

2707

2708

2709

2710

2711

2712

2714

2715

2716

2717

3101

3102

3103

3104

3105

3106

3201

3202

3203

3204

3205

3206

3207

3208

3209

3210

3211

3212

3214

3301

3302

3303

3304

3305

3306

3307

3308

3309

3310

3311

3312

3314

3315

4101

4102

4103

4104

4105

4106

4107

4108

4109

4110

4111

4112

4114

4115

4116

4117

4118

4119

4220

4201

4202

4203

4204

4205

4206

4207

4208

4209

4210

4211

4212

4214

4215

4216

4217

4218

4219

4301

4302

4303

4304

4305

4306

4307

4308